        2         3         4         5         6         7         8         9        10        11        12        13        14        15        16        17
       18        19        20        21        22        23        24        25        27        29        30        31        32        34        36        37
       38        39        40        41        42        43        44        45        46        47        48        50        53        59        61        62
       63        67        68        71        72        73        75        79        80        83        89        90        95        97        99       100
      101       103       107       109       113       124       128       130       137       140       141       150       200       220       250       296
      299       300       320       350       353       359       360       373       390       400       411       413       420       421       458       480
      500       512       541       576       600       640       693       700       759       792       800       836       870      1231      1497      1611
     1981      1998      2017      2022      2024      2025      2026      2997      4023      4070      4096      4477      4499      5655      5920      6626
     8192     10739     12345     13806     16384     25059     28296     32768     43691     50317     65536     97076    205944   1126709   2951052   6413829
 89068177 299792458

       2        3        5        7       11       13       17       19       23       29       31       37       41       43       47       53       59       61       67       71
      73       79       83       89       97      101      103      107      109      113      137      353      359      373      421      541     1231     2017    10739    43691

     2      3      5      7     11     13     17     19     23     29     31     37     41     43     47     53     59     61     67     71     73     79     83     89
    97    101    103    107    109    113    131    137    149    179    191    229    283    337    347    353    359    373    409    421    499    541    751    823
  1013   1231   1753   2017   3313   3467   8353   8581  10739  18917  43691 293339 2137943

   2    3    5    7   11   13   17   19   23   29   31   37   41   43   47   53   59   61   67   71   73   79   83   89   97
 101  103  107  109  113  127  131  137  139  149  151  157  163  167  173  179  181  191  193  197  199  211  223  227  229
 233  239  241  251  257  263  269  271  277  281  283  293  307  311  313  317  331  337  347  349  353  359  367  373  379
 383  389  397  401  409  419  421  431  433  439  443  449  457  461  463  467  479  487  491  499  503  509  521  523  541
 547  557  563  569  571  577  587  593  599  601  607  613  617  619  631  641  643  647  653  659  661  673  677  683  691
 701  709  719  727  733  739  743  751  757  761  769  773  787  797  809  811  821  823  827  829  839  853  857  859  863
 877  881  883  887  907  911  919  929  937  941  947  953  967  971  977  983  991  997

    0     1     3     6     2     7    13    20    12    21    11    22    10    23     9    24
    8    25    43    62    42    63    41    18    42    17    43    16    44    15    45    14
   46    79   113    78   114    77    39    78    38    79    37    80    36    81    35    82
   34    83    33    84    32    85    31    86    30    87    29    88    28    89    27    90
   26    91   157   224   156   225   155   226   154   227   153   228   152    75   153    74
  154    73   155    72   156    71   157    70   158    69   159    68   160    67   161    66
  162    65   163    64   164   265   367   264   368   263   369   262   370   261   151    40
  152   265   379   494   378   495   377   258   138   259   137   260   136   261   135   262

   5   11    7   13   17   19   23   29   31   37   43   41   47   53   59   61   67   73   79   83   89   97  103  101
 107  109  113  131  137  151  157  163  167  173  179  191  197  193  199  223  229  227  233  239  251  257  263  269
 271  277  283  307  313  311  317  331  337  347  353  359  367  373  379  383  389  433  439  443  449  457  463  461
 467
